27
53
27
21
52
79
71
80
32
27
73
21
58
28
69
79
61
51
85
67
11
77
14
79
38
82
1
81
53
46
28
34
32
83
8
28
66
21
26
25
4
98
7
74
80
13
33
52
60
51
24
42
2
70
79
36
8
0
83
66
92
53
9
61
28
75
36
16
79
71
42
2
76
80
27
37
81
41
37
87
20
86
3
87
94
22
51
73
64
73
58
25
21
66
2
53
90
27
63
59
90
59
24
85
74
79
39
48
54
28
100
27
70
7
64
59
49
0
69
35
86
62
59
46
8
84
0
37
82
87
44
54
34
8
99
72
23
30
1
3
95
99
68
52
11
59
68
46
82
6
76
98
86
12
68
17
42
28
32
26
73
15
51
88
100
75
93
96
88
99
86
63
40
92
97
51
25
95
95
44
63
6
60
98
59
25
55
4
25
57
72
29
68
42
8
10
32
66
32
5
90
49
89
99
11
79
7
99
87
60
63
19
56
65
57
83
95
78
61
39
92
69
8
26
57
14
30
57
27
8
71
16
45
38
100
39
95
49
39
28
22
37
69
51
38
85
44
20
20
51
46
31
15
4
57
63
92
35
92
9
59
90
76
85
30
83
50
68
98
59
73
1
37
94
91
21
39
81
47
82
69
44
91
59
36
10
56
21
34
63
75
59
11
74
69
18
18
61
17
39
20
80
95
91
31
100
45
94
10
24
90
88
21
70
5
93
93
49
81
31
53
42
59
8
61
24
90
5
66
0
26
85
63
80
65
98
27
21
60
58
41
41
30
42
32
99
73
71
97
48
34
3
61
54
69
27
98
72
9
75
72
14
0
42
94
29
26
13
86
84
95
45
100
89
10
89
41
57
11
9
69
46
74
46
28
20
72
10
52
93
27
50
27
53
31
71
56
3
29
79
84
17
45
62
57
57
14
25
67
88
0
88
60
71
64
1
78
21
36
84
54
3
91
84
63
43
25
48
29
74
25
4
84
66
55
3
93
76
72
26
75
60
26
83
9
80
54
34
89
52
7
47
1
2
49
25
84
2
63
11
50
14
4
90
50
3
87
4
83
43
58
36
23
37
35
91
27
66
68
61
16
7
60
92
8
33
60
1
65
17
89
75
22
44
86
47
9
85
71
21
95
58
2
74
42
2
73
44
66
89
25
47
42
90
92
24
38
56
24
76
18
14
70
99
5
27
97
52
93
63
26
47
41
65
99
50
58
30
26
67
66
76
19
57
62
87
16
17
0
29
57
13
27
48
92
49
88
27
75
95
49
81
70
22
38
99
58
62
22
13
8
74
72
43
19
95
25
43
91
72
82
77
90
87
53
43
65
39
58
1
97
49
69
91
50
13
7
80
15
47
14
58
2
36
63
19
3
4
61
67
34
73
3
62
50
72
10
97
2
80
63
92
34
24
23
26
82
72
95
21
32
5
14
54
49
3
83
99
95
76
34
95
70
48
6
39
85
34
10
9
41
67
34
19
25
84
30
48
96
95
96
48
35
1
3
4
42
65
75
6
7
59
1
90
81
61
19
21
65
7
46
14
0
87
60
72
51
72
76
18
36
67
96
29
22
67
47
94
33
20
13
73
25
92
67
88
18
39
89
73
42
44
34
81
74
74
18
48
85
48
25
56
6
63
58
84
40
20
92
68
89
77
77
10
88
16
63
6
93
35
41
96
7
47
84
44
23
87
83
57
36
46
16
58
34
86
23
60
86
22
78
80
86
91
9
34
59
95
43
89
40
53
82
40
57
69
3
2
83
13
6
21
65
72
73
17
46
55
14
0
63
50
21
47
93
34
88
29
91
41
19
4
37
86
48
100
89
25
83
100
75
25
91
76
81
29
89
48
19
16
43
4
88
59
39
51
76
68
38
35
64
95
8
1
93
28
65
31
11
30
54
94
72
54
23
72
66
22
80
19
41
48
96
23
53
13
33
60
62
27
57
72
54
7
90
55
8
94
50
89
67
35
48
87
54
100
41
31
41
35
5
52
13
19
28
10
55
43
70
55
26
8
97
37
78
8
74
94
40
31
52
69
8
20
58
85
25
78
54
64
29
77
59
10
21
15
74
6
17
35
89
26
76
3
84
56
7
4
59
54
100
84
65
4
83
52
7
76
20
73
41
82
25
52
80
84
63
26
16
57
8
87
14
1
95
74
9
84
99
66
16
89
54
94
72
90
23
80
51
76
75
77
87
94
81
36
53
38
11
4
69
20
9
85
82
58
86
95
54
15
35
51
87
85
94
27
38
0
14
34
